{
  "0": {
    "mean_cosine_sim": 0.8957321703479963,
    "matrix": [
      [
        1.0,
        0.9266080266914336,
        0.903243957985795,
        0.9174116725035394,
        0.8636412457117069,
        0.8344815289386984,
        0.8979844205694499,
        0.8866078868441284,
        0.9132249651687926,
        0.8245996109584203,
        0.8410281533024131,
        0.763214809201929,
        0.8354015536041912,
        0.8515115470806434,
        0.9035614029857217,
        0.865083560721254,
        0.8165951826722052,
        0.9095785778222342,
        0.8403701028316108,
        0.9005384707477643
      ],
      [
        0.9266080266914336,
        1.0,
        0.9286672224541924,
        0.9211941966950933,
        0.856326352937731,
        0.8596117064183865,
        0.9291149292535992,
        0.8913537164627832,
        0.8941587778534057,
        0.8203938301651028,
        0.8531742465009927,
        0.7542249893947579,
        0.8544280402319859,
        0.8754594387062388,
        0.888656539719489,
        0.8600220987005069,
        0.8661406256232407,
        0.971628377012527,
        0.8601173753870334,
        0.9169583332547256
      ],
      [
        0.903243957985795,
        0.9286672224541924,
        0.9999999868498166,
        0.8832946938298704,
        0.8715017640183716,
        0.8844933225325262,
        0.9273174517786119,
        0.9019398374545364,
        0.9035060012220371,
        0.848312584360103,
        0.8839906621935467,
        0.794555756741569,
        0.8713937905415966,
        0.8830271385115138,
        0.894077185589612,
        0.8709984684373844,
        0.9184775077098302,
        0.9448922729354422,
        0.8879877322986509,
        0.9058111258155723
      ],
      [
        0.9174116725035394,
        0.9211941966950933,
        0.8832946938298704,
        1.0,
        0.8340581406503559,
        0.854157496040789,
        0.8893272285289001,
        0.9004465316675628,
        0.8687908892859799,
        0.7977000740861168,
        0.8329646195959548,
        0.7385042417123351,
        0.8602895928168516,
        0.8862711659961546,
        0.8853269619026545,
        0.8420813132652829,
        0.8193697134974599,
        0.9056601721460084,
        0.8618412538422098,
        0.9117882070831816
      ],
      [
        0.8636412457117069,
        0.856326352937731,
        0.8715017640183716,
        0.8340581406503559,
        1.0,
        0.8955154667492137,
        0.9076057485194996,
        0.897535453548964,
        0.93581650946778,
        0.9733508817107014,
        0.9189865611017004,
        0.9066999599389884,
        0.9024546593092259,
        0.8905771256475411,
        0.9228920030325097,
        0.9837153677654946,
        0.8953719594685723,
        0.868531785509344,
        0.8838816169463732,
        0.8646371576253258
      ],
      [
        0.8344815289386984,
        0.8596117064183865,
        0.8844933225325262,
        0.854157496040789,
        0.8955154667492137,
        0.9999999974411063,
        0.9049149760112655,
        0.9561059644822032,
        0.9031265382401433,
        0.8951144490433611,
        0.9365227608531848,
        0.8772131779736296,
        0.9689285115753519,
        0.9540362974859202,
        0.9223882372234179,
        0.9009082245848496,
        0.9193525917716892,
        0.8847918375840904,
        0.9766367704940387,
        0.9136754455436051
      ],
      [
        0.8979844205694499,
        0.9291149292535992,
        0.9273174517786119,
        0.8893272285289001,
        0.9076057485194996,
        0.9049149760112655,
        1.0,
        0.9341099685934708,
        0.9268581841379023,
        0.8959625383900102,
        0.902291090418417,
        0.8455889016765271,
        0.9006738181294317,
        0.9124521826609723,
        0.936637996258175,
        0.910976663485826,
        0.9222930178692741,
        0.9505597861947185,
        0.901768759348476,
        0.9227678264912579
      ],
      [
        0.8866078868441284,
        0.8913537164627832,
        0.9019398374545364,
        0.9004465316675628,
        0.897535453548964,
        0.9561059644822032,
        0.9341099685934708,
        0.9999999843467356,
        0.9229630775675244,
        0.8817555027664216,
        0.9205151671833043,
        0.8589437679526766,
        0.9466720839205732,
        0.9717440840828275,
        0.9572557434201542,
        0.9075308190023108,
        0.9159287537334608,
        0.9084216793076152,
        0.9571505337113577,
        0.9667645154753896
      ],
      [
        0.9132249651687926,
        0.8941587778534057,
        0.9035060012220371,
        0.8687908892859799,
        0.93581650946778,
        0.9031265382401433,
        0.9268581841379023,
        0.9229630775675244,
        0.9999999981709057,
        0.9231600271603961,
        0.9346478621950345,
        0.8997576205487848,
        0.9099809902491203,
        0.9025658481482554,
        0.9414368287017885,
        0.9356091481791701,
        0.894652677633617,
        0.9062631828098782,
        0.903446182430323,
        0.893760868709927
      ],
      [
        0.8245996109584203,
        0.8203938301651028,
        0.848312584360103,
        0.7977000740861168,
        0.9733508817107014,
        0.8951144490433611,
        0.8959625383900102,
        0.8817555027664216,
        0.9231600271603961,
        0.9999999834008008,
        0.9125229251508845,
        0.9165013393992073,
        0.8939447369190306,
        0.8743834717146158,
        0.9021574056539909,
        0.9673053230226502,
        0.887480725661575,
        0.8423763895786157,
        0.8808975776562794,
        0.8349051153644023
      ],
      [
        0.8410281533024131,
        0.8531742465009927,
        0.8839906621935467,
        0.8329646195959548,
        0.9189865611017004,
        0.9365227608531848,
        0.902291090418417,
        0.9205151671833043,
        0.9346478621950345,
        0.9125229251508845,
        0.9999999813523428,
        0.9374623385854489,
        0.9373963121451826,
        0.9167789721517087,
        0.9251959068386134,
        0.9226646463246579,
        0.9150048294674271,
        0.8749701999621008,
        0.928806817828826,
        0.8731104915506366
      ],
      [
        0.763214809201929,
        0.7542249893947579,
        0.794555756741569,
        0.7385042417123351,
        0.9066999599389884,
        0.8772131779736296,
        0.8455889016765271,
        0.8589437679526766,
        0.8997576205487848,
        0.9165013393992073,
        0.9374623385854489,
        1.0,
        0.8888162730303099,
        0.8647805496282247,
        0.8880003568980612,
        0.9116774504816956,
        0.8714811755839973,
        0.7804846997076597,
        0.8624289716419522,
        0.7987173071939083
      ],
      [
        0.8354015536041912,
        0.8544280402319859,
        0.8713937905415966,
        0.8602895928168516,
        0.9024546593092259,
        0.9689285115753519,
        0.9006738181294317,
        0.9466720839205732,
        0.9099809902491203,
        0.8939447369190306,
        0.9373963121451826,
        0.8888162730303099,
        1.0,
        0.9379584317542541,
        0.9275114281309873,
        0.9073559452350075,
        0.904254318932859,
        0.8810229882562762,
        0.9597133015861573,
        0.9006812011348482
      ],
      [
        0.8515115470806434,
        0.8754594387062388,
        0.8830271385115138,
        0.8862711659961546,
        0.8905771256475411,
        0.9540362974859202,
        0.9124521826609723,
        0.9717440840828275,
        0.9025658481482554,
        0.8743834717146158,
        0.9167789721517087,
        0.8647805496282247,
        0.9379584317542541,
        1.0,
        0.9493950846936959,
        0.8991425082490163,
        0.9152841991734466,
        0.8932890188648652,
        0.9574710520880927,
        0.956412398804264
      ],
      [
        0.9035614029857217,
        0.888656539719489,
        0.894077185589612,
        0.8853269619026545,
        0.9228920030325097,
        0.9223882372234179,
        0.936637996258175,
        0.9572557434201542,
        0.9414368287017885,
        0.9021574056539909,
        0.9251959068386134,
        0.8880003568980612,
        0.9275114281309873,
        0.9493950846936959,
        0.9999999994474039,
        0.9260637575060909,
        0.909420262701208,
        0.9037602370042178,
        0.9152378707831278,
        0.9383228488538994
      ],
      [
        0.865083560721254,
        0.8600220987005069,
        0.8709984684373844,
        0.8420813132652829,
        0.9837153677654946,
        0.9009082245848496,
        0.910976663485826,
        0.9075308190023108,
        0.9356091481791701,
        0.9673053230226502,
        0.9226646463246579,
        0.9116774504816956,
        0.9073559452350075,
        0.8991425082490163,
        0.9260637575060909,
        1.0,
        0.8983189142926793,
        0.8695737067593765,
        0.891309020738069,
        0.872746347283298
      ],
      [
        0.8165951826722052,
        0.8661406256232407,
        0.9184775077098302,
        0.8193697134974599,
        0.8953719594685723,
        0.9193525917716892,
        0.9222930178692741,
        0.9159287537334608,
        0.894652677633617,
        0.887480725661575,
        0.9150048294674271,
        0.8714811755839973,
        0.904254318932859,
        0.9152841991734466,
        0.909420262701208,
        0.8983189142926793,
        1.0,
        0.8902207484000826,
        0.9176635557911379,
        0.8835775381412669
      ],
      [
        0.9095785778222342,
        0.971628377012527,
        0.9448922729354422,
        0.9056601721460084,
        0.868531785509344,
        0.8847918375840904,
        0.9505597861947185,
        0.9084216793076152,
        0.9062631828098782,
        0.8423763895786157,
        0.8749701999621008,
        0.7804846997076597,
        0.8810229882562762,
        0.8932890188648652,
        0.9037602370042178,
        0.8695737067593765,
        0.8902207484000826,
        0.999999993488758,
        0.8898059551486108,
        0.9229695809801189
      ],
      [
        0.8403701028316108,
        0.8601173753870334,
        0.8879877322986509,
        0.8618412538422098,
        0.8838816169463732,
        0.9766367704940387,
        0.901768759348476,
        0.9571505337113577,
        0.903446182430323,
        0.8808975776562794,
        0.928806817828826,
        0.8624289716419522,
        0.9597133015861573,
        0.9574710520880927,
        0.9152378707831278,
        0.891309020738069,
        0.9176635557911379,
        0.8898059551486108,
        0.999999993572478,
        0.9147497267360277
      ],
      [
        0.9005384707477643,
        0.9169583332547256,
        0.9058111258155723,
        0.9117882070831816,
        0.8646371576253258,
        0.9136754455436051,
        0.9227678264912579,
        0.9667645154753896,
        0.893760868709927,
        0.8349051153644023,
        0.8731104915506366,
        0.7987173071939083,
        0.9006812011348482,
        0.956412398804264,
        0.9383228488538994,
        0.872746347283298,
        0.8835775381412669,
        0.9229695809801189,
        0.9147497267360277,
        0.9999999906138803
      ]
    ]
  },
  "1": {
    "mean_cosine_sim": 0.7583771324855205,
    "matrix": [
      [
        0.9999999983473579,
        0.8569595996670452,
        0.5906601154790719,
        0.835077781810243,
        0.7406426193858644,
        0.8135048824533581,
        0.8146151705919913,
        0.8638772205620376,
        0.8125174494898483,
        0.7142792796582482,
        0.7974208785810798,
        0.593079149491517,
        0.7945741170032224,
        0.8382917931706997,
        0.8012580937490777,
        0.7447628749470636,
        0.6235159487296194,
        0.8448989704675354,
        0.8607807883282411,
        0.8766119498476352
      ],
      [
        0.8569595996670452,
        0.9999999900803672,
        0.5674742069296044,
        0.8018589222192645,
        0.7512570500383765,
        0.7796229881574192,
        0.8929901823295457,
        0.7985024556197409,
        0.7756704428287386,
        0.7319430362158438,
        0.8016725320195759,
        0.5686392558436735,
        0.7585294643542144,
        0.7965833495293908,
        0.731211469436277,
        0.7609837697577622,
        0.6244481991752076,
        0.9690916605524661,
        0.7973218031439422,
        0.840354944387942
      ],
      [
        0.5906601154790719,
        0.5674742069296044,
        0.9999999815833294,
        0.48158844077173146,
        0.497664514563984,
        0.5563262683318919,
        0.5993609077248749,
        0.5597626184536111,
        0.5212704672412726,
        0.46366505083925813,
        0.5868497131777154,
        0.4715542363442251,
        0.5474108037675158,
        0.5695619412044837,
        0.5421995504697914,
        0.4751163183934739,
        0.9168495040375482,
        0.5752383407855981,
        0.5868127020894743,
        0.5738524415975138
      ],
      [
        0.835077781810243,
        0.8018589222192645,
        0.48158844077173146,
        0.999999993693513,
        0.6691274044818882,
        0.7299382861546287,
        0.7704388296840542,
        0.8253859213831073,
        0.7387334454876234,
        0.6582318193201109,
        0.74175699961797,
        0.5294225506637389,
        0.730440594755603,
        0.8165736617982893,
        0.7303603530765134,
        0.6920425694842811,
        0.5365703329516168,
        0.7963310307568445,
        0.7938024895791295,
        0.8420361200724021
      ],
      [
        0.7406426193858644,
        0.7512570500383765,
        0.497664514563984,
        0.6691274044818882,
        1.0,
        0.7429286832182119,
        0.8087229676081189,
        0.7496311538659468,
        0.8540239340848662,
        0.9497894591478173,
        0.8360904655852087,
        0.7939380527488693,
        0.7952719876783937,
        0.7363121534320416,
        0.7708295980498279,
        0.958300618786051,
        0.6112179672145333,
        0.7577898114919734,
        0.7516291004597075,
        0.7350633180897604
      ],
      [
        0.8135048824533581,
        0.7796229881574192,
        0.5563262683318919,
        0.7299382861546287,
        0.7429286832182119,
        0.9999999885420832,
        0.8179825702322091,
        0.9033464701468185,
        0.7618516910436851,
        0.7550149170351634,
        0.821643775705886,
        0.6554937526207649,
        0.8943011338988476,
        0.9024926061621169,
        0.7905377687276555,
        0.7524925677723657,
        0.6637135612867722,
        0.7961711694453997,
        0.9409185012284402,
        0.8706836697881258
      ],
      [
        0.8146151705919913,
        0.8929901823295457,
        0.5993609077248749,
        0.7704388296840542,
        0.8087229676081189,
        0.8179825702322091,
        0.9999999869451865,
        0.8410167413702546,
        0.8035967269247777,
        0.8058016328921423,
        0.8349527570992457,
        0.677158075117477,
        0.804341359249065,
        0.8214774750462983,
        0.8004398958593745,
        0.7970401306949291,
        0.7201691786186266,
        0.9205545236962793,
        0.8256164601471983,
        0.8453507662491746
      ],
      [
        0.8638772205620376,
        0.7985024556197409,
        0.5597626184536111,
        0.8253859213831073,
        0.7496311538659468,
        0.9033464701468185,
        0.8410167413702546,
        1.0,
        0.7951698841515534,
        0.738239309864388,
        0.8292408317711221,
        0.665633678940954,
        0.8891753248020652,
        0.9417899265599512,
        0.8802649651603957,
        0.7618077627866373,
        0.6615504660748027,
        0.8175085200333304,
        0.9422617021008048,
        0.9388968744149905
      ],
      [
        0.8125174494898483,
        0.7756704428287386,
        0.5212704672412726,
        0.7387334454876234,
        0.8540239340848662,
        0.7618516910436851,
        0.8035967269247777,
        0.7951698841515534,
        0.9999999841618417,
        0.8322811731884049,
        0.864719574044827,
        0.8131011902778184,
        0.8228622058605187,
        0.7607833707148411,
        0.7746588007374475,
        0.853899555101629,
        0.6075648431206554,
        0.7907075450762434,
        0.7867277247716914,
        0.7694415929364178
      ],
      [
        0.7142792796582482,
        0.7319430362158438,
        0.46366505083925813,
        0.6582318193201109,
        0.9497894591478173,
        0.7550149170351634,
        0.8058016328921423,
        0.738239309864388,
        0.8322811731884049,
        1.0,
        0.8247062365170466,
        0.8060300771626923,
        0.77901637386759,
        0.736577788988422,
        0.750027807558319,
        0.929668495603871,
        0.5936553136906071,
        0.7445831532640117,
        0.7599609350355814,
        0.7147582779686024
      ],
      [
        0.7974208785810798,
        0.8016725320195759,
        0.5868497131777154,
        0.74175699961797,
        0.8360904655852087,
        0.821643775705886,
        0.8349527570992457,
        0.8292408317711221,
        0.864719574044827,
        0.8247062365170466,
        0.9999999973863231,
        0.8091149556187145,
        0.8481608515194732,
        0.8319262304243,
        0.8051502117095319,
        0.8269746135141541,
        0.6855653619152501,
        0.8186426943313209,
        0.8475661493319424,
        0.8105328106347145
      ],
      [
        0.593079149491517,
        0.5686392558436735,
        0.4715542363442251,
        0.5294225506637389,
        0.7939380527488693,
        0.6554937526207649,
        0.677158075117477,
        0.665633678940954,
        0.8131011902778184,
        0.8060300771626923,
        0.8091149556187145,
        1.0,
        0.7105510049805294,
        0.6614075825521044,
        0.7051198012737869,
        0.7760445144406827,
        0.5899160500305829,
        0.6000998412773443,
        0.6796686390551541,
        0.6060852692064039
      ],
      [
        0.7945741170032224,
        0.7585294643542144,
        0.5474108037675158,
        0.730440594755603,
        0.7952719876783937,
        0.8943011338988476,
        0.804341359249065,
        0.8891753248020652,
        0.8228622058605187,
        0.77901637386759,
        0.8481608515194732,
        0.7105510049805294,
        0.9999999877169107,
        0.8636726147626881,
        0.8429803691143688,
        0.8028443031495538,
        0.6580297628081786,
        0.7790040651591217,
        0.9184375069349487,
        0.8555290302097268
      ],
      [
        0.8382917931706997,
        0.7965833495293908,
        0.5695619412044837,
        0.8165736617982893,
        0.7363121534320416,
        0.9024926061621169,
        0.8214774750462983,
        0.9417899265599512,
        0.7607833707148411,
        0.736577788988422,
        0.8319262304243,
        0.6614075825521044,
        0.8636726147626881,
        0.9999999876623733,
        0.8750386708262701,
        0.7599467979796707,
        0.6681923222103258,
        0.8060531255967694,
        0.9286848444383081,
        0.9380805589727187
      ],
      [
        0.8012580937490777,
        0.731211469436277,
        0.5421995504697914,
        0.7303603530765134,
        0.7708295980498279,
        0.7905377687276555,
        0.8004398958593745,
        0.8802649651603957,
        0.7746588007374475,
        0.750027807558319,
        0.8051502117095319,
        0.7051198012737869,
        0.8429803691143688,
        0.8750386708262701,
        0.9999999825973116,
        0.7695065311663912,
        0.6438265002709727,
        0.7442363253211066,
        0.821973887645022,
        0.8702915588046461
      ],
      [
        0.7447628749470636,
        0.7609837697577622,
        0.4751163183934739,
        0.6920425694842811,
        0.958300618786051,
        0.7524925677723657,
        0.7970401306949291,
        0.7618077627866373,
        0.853899555101629,
        0.929668495603871,
        0.8269746135141541,
        0.7760445144406827,
        0.8028443031495538,
        0.7599467979796707,
        0.7695065311663912,
        1.0,
        0.5812235442526527,
        0.7634973290483134,
        0.7576620237612584,
        0.7561088360145959
      ],
      [
        0.6235159487296194,
        0.6244481991752076,
        0.9168495040375482,
        0.5365703329516168,
        0.6112179672145333,
        0.6637135612867722,
        0.7201691786186266,
        0.6615504660748027,
        0.6075648431206554,
        0.5936553136906071,
        0.6855653619152501,
        0.5899160500305829,
        0.6580297628081786,
        0.6681923222103258,
        0.6438265002709727,
        0.5812235442526527,
        1.0,
        0.6538337375329261,
        0.6881448298681127,
        0.6500807428673138
      ],
      [
        0.8448989704675354,
        0.9690916605524661,
        0.5752383407855981,
        0.7963310307568445,
        0.7577898114919734,
        0.7961711694453997,
        0.9205545236962793,
        0.8175085200333304,
        0.7907075450762434,
        0.7445831532640117,
        0.8186426943313209,
        0.6000998412773443,
        0.7790040651591217,
        0.8060531255967694,
        0.7442363253211066,
        0.7634973290483134,
        0.6538337375329261,
        1.0,
        0.8193614316156403,
        0.8340661483829616
      ],
      [
        0.8607807883282411,
        0.7973218031439422,
        0.5868127020894743,
        0.7938024895791295,
        0.7516291004597075,
        0.9409185012284402,
        0.8256164601471983,
        0.9422617021008048,
        0.7867277247716914,
        0.7599609350355814,
        0.8475661493319424,
        0.6796686390551541,
        0.9184375069349487,
        0.9286848444383081,
        0.821973887645022,
        0.7576620237612584,
        0.6881448298681127,
        0.8193614316156403,
        0.9999999888732986,
        0.8840901150355329
      ],
      [
        0.8766119498476352,
        0.840354944387942,
        0.5738524415975138,
        0.8420361200724021,
        0.7350633180897604,
        0.8706836697881258,
        0.8453507662491746,
        0.9388968744149905,
        0.7694415929364178,
        0.7147582779686024,
        0.8105328106347145,
        0.6060852692064039,
        0.8555290302097268,
        0.9380805589727187,
        0.8702915588046461,
        0.7561088360145959,
        0.6500807428673138,
        0.8340661483829616,
        0.8840901150355329,
        1.0
      ]
    ]
  },
  "2": {
    "mean_cosine_sim": 0.6039746298190755,
    "matrix": [
      [
        1.0,
        0.5716840394334277,
        0.5297592473275778,
        0.5923726425291126,
        0.48255189557853995,
        0.7896393286344358,
        0.5408875605801662,
        0.8650098698339663,
        0.5638869673001381,
        0.42420831658501346,
        0.5567243817784644,
        0.4505897790425514,
        0.6852607182623385,
        0.8201736223663212,
        0.6644789429546667,
        0.4778277182586047,
        0.5302837259831442,
        0.5950144296513933,
        0.8870708186605847,
        0.8355341456665606
      ],
      [
        0.5716840394334277,
        1.0,
        0.6122851096581277,
        0.6567814186423604,
        0.4995505673445928,
        0.6036183961323616,
        0.8673211952049403,
        0.5456618158709324,
        0.5800600571666688,
        0.4278560844673739,
        0.6584414153655331,
        0.4194362041889296,
        0.5349025289528051,
        0.6205095859841064,
        0.5948562752389511,
        0.4919273258286361,
        0.6434026935610263,
        0.9604178429873311,
        0.5644515418296914,
        0.5675915235245481
      ],
      [
        0.5297592473275778,
        0.6122851096581277,
        0.9999999913061797,
        0.4498394851682871,
        0.35828985871376473,
        0.5032165706358593,
        0.5629664743210357,
        0.5306978148995565,
        0.43178333604120533,
        0.299964021217869,
        0.45640722871724493,
        0.37902118889019554,
        0.4790759705784178,
        0.5461275642511885,
        0.4988978849261625,
        0.37153446029975856,
        0.9142128983273907,
        0.6287502670552548,
        0.5515589892009388,
        0.5269291411854427
      ],
      [
        0.5923726425291126,
        0.6567814186423604,
        0.4498394851682871,
        0.9999999821157495,
        0.46867511433105125,
        0.6402945715221703,
        0.6781836068638788,
        0.5485730339537829,
        0.6191050096663344,
        0.40256144299205066,
        0.6793057210930619,
        0.40917032150223764,
        0.5583843322356857,
        0.6378787955135738,
        0.5891782640993682,
        0.4952448013375781,
        0.5203935777575113,
        0.6777660457923332,
        0.5812142783099137,
        0.5696391323310744
      ],
      [
        0.48255189557853995,
        0.4995505673445928,
        0.35828985871376473,
        0.46867511433105125,
        1.0,
        0.5574586035470374,
        0.5960214389676322,
        0.45754137539255746,
        0.706605462033968,
        0.9047665617315854,
        0.6658320194700366,
        0.6657089409514002,
        0.6018265437182826,
        0.4883062216409785,
        0.49091799399251057,
        0.9332112877101288,
        0.4348469054935107,
        0.5352671011029473,
        0.5222227241186033,
        0.5024680690115839
      ],
      [
        0.7896393286344358,
        0.6036183961323616,
        0.5032165706358593,
        0.6402945715221703,
        0.5574586035470374,
        1.0,
        0.6372287201371656,
        0.7809859894983647,
        0.6136927674199392,
        0.5267931311718772,
        0.6977106759929175,
        0.5249302836894342,
        0.737743666296971,
        0.8554794777115307,
        0.673662158603092,
        0.5709257456097568,
        0.5789539203833473,
        0.6338899153363514,
        0.8669575699072379,
        0.7997151916893253
      ],
      [
        0.5408875605801662,
        0.8673211952049403,
        0.5629664743210357,
        0.6781836068638788,
        0.5960214389676322,
        0.6372287201371656,
        0.9999999916088822,
        0.5213430640553434,
        0.6483997986660467,
        0.5556098113349519,
        0.7081799159586054,
        0.5173038584369035,
        0.5905002275692203,
        0.602373235064465,
        0.6252450356595097,
        0.5831332983019827,
        0.6594480318584863,
        0.8699791742934097,
        0.5611625930398086,
        0.5534565934567242
      ],
      [
        0.8650098698339663,
        0.5456618158709324,
        0.5306978148995565,
        0.5485730339537829,
        0.45754137539255746,
        0.7809859894983647,
        0.5213430640553434,
        0.9999999993644649,
        0.5310668326689674,
        0.404112107449055,
        0.5409316886557982,
        0.4712305197218807,
        0.7382060455018894,
        0.8031843250795524,
        0.6931990115579184,
        0.474194020676331,
        0.562493816389923,
        0.5774551237893157,
        0.921559345369986,
        0.8982030503254311
      ],
      [
        0.5638869673001381,
        0.5800600571666688,
        0.43178333604120533,
        0.6191050096663344,
        0.706605462033968,
        0.6136927674199392,
        0.6483997986660467,
        0.5310668326689674,
        1.0,
        0.6115882993086684,
        0.7792631066802383,
        0.7162402154840611,
        0.7431162825073077,
        0.5752204243149488,
        0.6589959644067943,
        0.754218642448577,
        0.5128635047808191,
        0.6168606006581029,
        0.5758834475937217,
        0.5838646067980132
      ],
      [
        0.42420831658501346,
        0.4278560844673739,
        0.299964021217869,
        0.40256144299205066,
        0.9047665617315854,
        0.5267931311718772,
        0.5556098113349519,
        0.404112107449055,
        0.6115882993086684,
        1.0,
        0.6186135905018892,
        0.6425403472944097,
        0.5160042323034165,
        0.4244640205770829,
        0.4188008533887857,
        0.8633984319510919,
        0.36813357309189276,
        0.4518752427375554,
        0.4819010536356789,
        0.4323856576095435
      ],
      [
        0.5567243817784644,
        0.6584414153655331,
        0.45640722871724493,
        0.6793057210930619,
        0.6658320194700366,
        0.6977106759929175,
        0.7081799159586054,
        0.5409316886557982,
        0.7792631066802383,
        0.6186135905018892,
        1.0,
        0.635857646802011,
        0.6753614355548683,
        0.6279936705680186,
        0.6590597991204138,
        0.682552193415038,
        0.5613845107109084,
        0.6984023149062838,
        0.6216325867824837,
        0.5620568015747327
      ],
      [
        0.4505897790425514,
        0.4194362041889296,
        0.37902118889019554,
        0.40917032150223764,
        0.6657089409514002,
        0.5249302836894342,
        0.5173038584369035,
        0.4712305197218807,
        0.7162402154840611,
        0.6425403472944097,
        0.635857646802011,
        1.0,
        0.5620277019287782,
        0.47390926304712,
        0.4982087723706612,
        0.7031800414170174,
        0.4257772669177242,
        0.44601688541424145,
        0.5044035348565342,
        0.47954312196786053
      ],
      [
        0.6852607182623385,
        0.5349025289528051,
        0.4790759705784178,
        0.5583843322356857,
        0.6018265437182826,
        0.737743666296971,
        0.5905002275692203,
        0.7382060455018894,
        0.7431162825073077,
        0.5160042323034165,
        0.6753614355548683,
        0.5620277019287782,
        0.9999999801819119,
        0.7086731342683934,
        0.7683703667247873,
        0.6313175639422989,
        0.5610601437432547,
        0.5788094891127402,
        0.7913465122880371,
        0.7830253761969415
      ],
      [
        0.8201736223663212,
        0.6205095859841064,
        0.5461275642511885,
        0.6378787955135738,
        0.4883062216409785,
        0.8554794777115307,
        0.602373235064465,
        0.8031843250795524,
        0.5752204243149488,
        0.4244640205770829,
        0.6279936705680186,
        0.47390926304712,
        0.7086731342683934,
        0.9999999908074649,
        0.7409907060934985,
        0.5093606685830728,
        0.6066544590236411,
        0.6562176380477498,
        0.8630044300897791,
        0.8364611409013599
      ],
      [
        0.6644789429546667,
        0.5948562752389511,
        0.4988978849261625,
        0.5891782640993682,
        0.49091799399251057,
        0.673662158603092,
        0.6252450356595097,
        0.6931990115579184,
        0.6589959644067943,
        0.4188008533887857,
        0.6590597991204138,
        0.4982087723706612,
        0.7683703667247873,
        0.7409907060934985,
        0.999999993319474,
        0.5347632164997911,
        0.588542306382665,
        0.6153235378848864,
        0.7104647187291813,
        0.702280301672888
      ],
      [
        0.4778277182586047,
        0.4919273258286361,
        0.37153446029975856,
        0.4952448013375781,
        0.9332112877101288,
        0.5709257456097568,
        0.5831332983019827,
        0.474194020676331,
        0.754218642448577,
        0.8633984319510919,
        0.682552193415038,
        0.7031800414170174,
        0.6313175639422989,
        0.5093606685830728,
        0.5347632164997911,
        0.9999999885165918,
        0.4514931978445499,
        0.5330935518644209,
        0.534150219004408,
        0.5151822633834535
      ],
      [
        0.5302837259831442,
        0.6434026935610263,
        0.9142128983273907,
        0.5203935777575113,
        0.4348469054935107,
        0.5789539203833473,
        0.6594480318584863,
        0.562493816389923,
        0.5128635047808191,
        0.36813357309189276,
        0.5613845107109084,
        0.4257772669177242,
        0.5610601437432547,
        0.6066544590236411,
        0.588542306382665,
        0.4514931978445499,
        1.0,
        0.6788387835771811,
        0.5984206160021998,
        0.5742952818792252
      ],
      [
        0.5950144296513933,
        0.9604178429873311,
        0.6287502670552548,
        0.6777660457923332,
        0.5352671011029473,
        0.6338899153363514,
        0.8699791742934097,
        0.5774551237893157,
        0.6168606006581029,
        0.4518752427375554,
        0.6984023149062838,
        0.44601688541424145,
        0.5788094891127402,
        0.6562176380477498,
        0.6153235378848864,
        0.5330935518644209,
        0.6788387835771811,
        1.0,
        0.6095285958686476,
        0.5955085435169144
      ],
      [
        0.8870708186605847,
        0.5644515418296914,
        0.5515589892009388,
        0.5812142783099137,
        0.5222227241186033,
        0.8669575699072379,
        0.5611625930398086,
        0.921559345369986,
        0.5758834475937217,
        0.4819010536356789,
        0.6216325867824837,
        0.5044035348565342,
        0.7913465122880371,
        0.8630044300897791,
        0.7104647187291813,
        0.534150219004408,
        0.5984206160021998,
        0.6095285958686476,
        0.9999999884832458,
        0.8638913337523979
      ],
      [
        0.8355341456665606,
        0.5675915235245481,
        0.5269291411854427,
        0.5696391323310744,
        0.5024680690115839,
        0.7997151916893253,
        0.5534565934567242,
        0.8982030503254311,
        0.5838646067980132,
        0.4323856576095435,
        0.5620568015747327,
        0.47954312196786053,
        0.7830253761969415,
        0.8364611409013599,
        0.702280301672888,
        0.5151822633834535,
        0.5742952818792252,
        0.5955085435169144,
        0.8638913337523979,
        1.0
      ]
    ]
  },
  "3": {
    "mean_cosine_sim": 0.4850320698835298,
    "matrix": [
      [
        1.0,
        0.4063429549415314,
        0.44109993357200694,
        0.4532459947234261,
        0.4327817807192942,
        0.664314381656363,
        0.39112741886513414,
        0.7266641245472585,
        0.4733130542056885,
        0.3226646003702077,
        0.44091925924471453,
        0.3480441500524326,
        0.5663826529300432,
        0.6683879510375389,
        0.4928480552602832,
        0.38627883739075997,
        0.4407408177233474,
        0.3930133291518094,
        0.7789582765628879,
        0.6937483851283918
      ],
      [
        0.4063429549415314,
        0.9999999904059615,
        0.8066790304223307,
        0.6446463895139166,
        0.1672058395523337,
        0.7624840356148357,
        0.805472734319267,
        0.4508548405249574,
        0.2933130980668226,
        -0.030846258886980005,
        0.7153885411047918,
        0.17966664007969335,
        0.4501819652206862,
        0.656499192135507,
        0.685166615828735,
        0.07297489653912759,
        0.7385715402642382,
        0.9742940272632815,
        0.6548969767069824,
        0.520416530747487
      ],
      [
        0.44109993357200694,
        0.8066790304223307,
        1.0,
        0.5637860758790727,
        0.1232625483656199,
        0.7135548411762209,
        0.7312490545326453,
        0.49552036855276693,
        0.22502494955464936,
        -0.08185345000395694,
        0.677602627412363,
        0.18536603018073894,
        0.4638168800689686,
        0.6344993130272478,
        0.6167195017263458,
        0.0317813684663395,
        0.9056520217285736,
        0.8210003515982397,
        0.6771874589114534,
        0.5417973354425281
      ],
      [
        0.4532459947234261,
        0.6446463895139166,
        0.5637860758790727,
        1.0,
        0.19501195522650083,
        0.6497524417575586,
        0.6538666132390032,
        0.5896997807880651,
        0.3603438509710146,
        0.036911849311204614,
        0.5832906763089294,
        0.24331161515084476,
        0.4070714760339995,
        0.7465348443265974,
        0.6988156720210424,
        0.14075949611898753,
        0.6306795816666271,
        0.6307109744595517,
        0.5905382760288959,
        0.6689828727650682
      ],
      [
        0.4327817807192942,
        0.1672058395523337,
        0.1232625483656199,
        0.19501195522650083,
        1.0,
        0.24278471055990092,
        0.23928362064462494,
        0.31315048542406365,
        0.7186030656872692,
        0.8229245026271155,
        0.28289281011929246,
        0.5908156373685793,
        0.4665498352039863,
        0.24094810662051191,
        0.2235118751284415,
        0.9146949424679675,
        0.17918244656951288,
        0.10113871244033235,
        0.3038916909166567,
        0.29914705916476236
      ],
      [
        0.664314381656363,
        0.7624840356148357,
        0.7135548411762209,
        0.6497524417575586,
        0.24278471055990092,
        1.0,
        0.6851604819282644,
        0.6503247456097023,
        0.3674970577885732,
        0.05155273126969229,
        0.754253313061482,
        0.26520752296964334,
        0.6156719826409226,
        0.8017339492787545,
        0.7319792912608721,
        0.16201450638233417,
        0.6931413567894242,
        0.7715532778773114,
        0.887563057048118,
        0.6930981962911283
      ],
      [
        0.39112741886513414,
        0.805472734319267,
        0.7312490545326453,
        0.6538666132390032,
        0.23928362064462494,
        0.6851604819282644,
        0.9999999825973461,
        0.5181885899313947,
        0.32706058906974844,
        0.059562931879392655,
        0.7001475913869668,
        0.26589976463925535,
        0.47316162530811834,
        0.6706144799910279,
        0.6470080069928815,
        0.16756414089329585,
        0.7949432625029118,
        0.8041322447171322,
        0.6397013917981251,
        0.5774861907088128
      ],
      [
        0.7266641245472585,
        0.4508548405249574,
        0.49552036855276693,
        0.5896997807880651,
        0.31315048542406365,
        0.6503247456097023,
        0.5181885899313947,
        1.0,
        0.3802407812179518,
        0.17221510971114062,
        0.5367123201195481,
        0.3132208731700561,
        0.6399223888394634,
        0.7678476347310957,
        0.6174273538826948,
        0.28692004617353684,
        0.5392812156184994,
        0.45051142409707956,
        0.8049538511800741,
        0.9186610853999276
      ],
      [
        0.4733130542056885,
        0.2933130980668226,
        0.22502494955464936,
        0.3603438509710146,
        0.7186030656872692,
        0.3674970577885732,
        0.32706058906974844,
        0.3802407812179518,
        0.9999999995016093,
        0.5618800226509553,
        0.4098083155628014,
        0.667991742328524,
        0.5573242503362493,
        0.35393527240164135,
        0.40487670215851523,
        0.7051433793308081,
        0.281383248141752,
        0.24346809846798323,
        0.37877673124373423,
        0.4032508695179946
      ],
      [
        0.3226646003702077,
        -0.030846258886980005,
        -0.08185345000395694,
        0.036911849311204614,
        0.8229245026271155,
        0.05155273126969229,
        0.059562931879392655,
        0.17221510971114062,
        0.5618800226509553,
        0.9999999874471549,
        0.08578958776909817,
        0.4765401627177859,
        0.2537311786365606,
        0.0726792095896972,
        0.037669933132136735,
        0.8699458897798351,
        -0.026898543957170062,
        -0.11949346393551208,
